ЛР7: выберите задание (1..10), 0 — выход:
> N= 2 3 5 7 11 13 17 19 23 29
>    1   2   3   4   5   6   7   8   9  10
   2   4   6   8  10  12  14  16  18  20
   3   6   9  12  15  18  21  24  27  30
   4   8  12  16  20  24  28  32  36  40
   5  10  15  20  25  30  35  40  45  50
   6  12  18  24  30  36  42  48  54  60
   7  14  21  28  35  42  49  56  63  70
   8  16  24  32  40  48  56  64  72  80
   9  18  27  36  45  54  63  72  81  90
  10  20  30  40  50  60  70  80  90 100
> Нет такого задания.
> Нет такого задания.
> a b= LCM= 500
> Нет такого задания.
> N и кол-во элементов k= 1 3 4 6
> x= PALINDROME
> кол-во элементов k= 6.428571
> n= NO
> Нет такого задания.
> Нет такого задания.
> N= 2 3 5 7 11 13 17 19 23 29
> M= 1 4 9 16 25 36 49 64 81 100 121 144 169 196 225 256 289 324 361 400 441 484 529 576 625 676 729 784 841 900 961 1024 1089 1156 1225 1296 1369 1444 1521 1600 1681 1764 1849 1936 2025 2116 2209 2304 2401 2500
> M= 
> 